13006
13007
13007
13008
13015
13048
13052
13061
13113
13117
13138
13214
13231
13249
13306
13338
13375
13409
13432
13452
13474
13507
13523
13541
13556
13586
13618
13673
13731
13770
13832
13914
14017
14103
14144
14188
14539
14241
14257
14266
14276
14285
14290
14295
14309
14315
14318
14344
14346
14350
14360
14363
14367
14367
14365
14365
14367
14372
14371
14385
14399
14400
14397
14400
14404
14412
14418
14425
14433
14435
14437
14440
14440
14443
14454
14461
14462
14464
14464
14468
14469
14485
14490
14488
14489
14494
14497
14503
14507
14509
14513
14524
14531
14542
14601
14648
14688
14730
14758
14790
14816
14844
14830
14882
14895
14913
14927
14947
14964
14976
14995
14998
15001
15005
15008
15015
15019
15027
15034
15043
15047
15047
15054
15062