49986
49991
49995
49999
50003
50004
50005
50005
50005
50005
50005
50005
50006
50006
50006
50006
50006
50006
50006
50006
50006
50006
50006
50007
50007
50008
50008
50008
50008
50008
50008
50008
50008
50008
50008
50008
50008
50333
50333
50333
50333
50333
50333
50333
50333
50333
50333
50333
50333
50333
50333
50333
50333
50333
50333
50333
50333
50333
50333
50334
50339
50339
50339
50339
50339
50339
50339
50339
50340
50340
50340
50340
50340
50340
50340
50340
50340
50340
50340
50340
50340
50340
50340
50340
50340
50340
50340
50340
50340
50340
50340
50340
50340
50340
50340
50340
50340
50340
50340
50340
50340
50340
50340
50340
50340
50340
50340
50340
50340
50340
50340
50340
50340
50340
50340
50340
50340
50340
50340
50340
50340
50340
50340
50340